9.25751 4.66276
9.28645 4.75027
2.05718 1.67856
1.80036 1.78743
1.65551 2.62860
10.68140 4.24256
10.00445 5.16276
9.94150 4.48031
9.50121 5.10242
9.79911 5.70675
11.02172 4.38948
1.87549 1.91238
9.49980 5.25730
2.31884 2.32347
10.61352 5.65257
10.08438 4.98760
10.26163 4.44194
1.83361 1.65181
1.99488 2.24256
9.31134 5.13765
10.21764 4.77550
9.25675 4.74790
9.16430 5.10407
9.89502 4.91191
2.35481 2.46424
2.20033 2.25916
10.35769 4.90107
10.86647 4.80254
2.05462 1.87303
2.86255 2.39125
1.89870 1.88524
9.93369 4.42927
9.22665 5.04736
1.42913 2.41087
10.00506 5.32541
2.06307 2.10630
10.10290 5.66752
9.11341 5.70957
2.46878 3.04081
10.65613 4.33631
9.77771 4.60665
1.94535 1.86691
10.37783 5.48575
10.08269 4.43586
1.89603 1.12295
9.81750 4.91842
2.56762 1.57808
2.05326 1.97376
2.40837 2.72277
2.26110 1.54408
9.98360 4.56167
10.79957 4.77901
1.64050 2.49576
1.62778 1.91729
9.86608 5.01117
2.49788 1.39506
1.75116 2.02540
10.05720 4.14762
11.22511 4.54309
1.39872 1.63671
9.36622 4.47895
1.31365 1.85028
3.36719 2.37642
9.90356 5.38726
10.20218 5.07570
9.58047 4.41083
9.67899 5.40609
2.18559 1.32367
9.57076 4.91702
9.64878 4.82280
9.52625 5.12195
10.06808 5.56117
10.28201 3.43145
10.04592 4.54250
10.85364 6.21718
8.77302 4.24763
2.03207 1.42396
8.69921 4.03616
2.30055 2.17800
10.39421 4.07845
1.37139 1.87189
1.74102 1.39222
10.26975 5.09740
2.50820 1.81174
9.58067 5.05147
2.46419 2.99743
9.89631 5.06615
10.66220 5.80387
9.15829 5.97887
1.62465 2.37585
10.29286 3.31126
2.68598 1.66069
1.71078 2.36585
1.57966 1.27204
2.12229 1.95529
10.90195 5.35625
9.19708 5.11591
10.40521 4.16861
10.60917 4.54059
10.27387 3.75495
10.22434 5.42745
10.31298 4.87985
1.63332 1.70790
10.03755 3.88735
9.47398 5.25438
2.81505 1.84285
1.75983 2.39003
10.26787 5.33961
9.52642 5.24730
1.77663 1.63589
9.42747 5.51919
2.21947 1.82197
10.41035 5.51333
2.13974 2.12049
10.12232 4.57154
1.83928 2.36972
10.17599 5.63526
10.25330 5.40085
9.83167 4.85879
9.25697 4.68682
9.74845 5.12221
10.48068 5.46770
10.59935 5.58155
2.17366 2.19630
1.52600 2.65639
8.29692 5.26633
2.24362 1.93618
10.24169 4.99261
9.88717 4.98709
10.18946 4.99628
1.96439 2.45101
10.39416 4.44774
10.44563 4.93202
1.51281 2.03646
2.22585 2.21839
9.21190 5.06922
9.76172 5.59188
8.63542 4.37423
10.29492 5.18359
10.86662 5.32661
9.25357 5.61171
9.58390 4.31638
10.28479 5.72342
9.14959 5.48689
1.71872 1.86020
9.75781 4.47364
9.49649 4.87890
10.93934 5.34603
10.11472 6.02071
10.60637 5.38763
9.91182 5.76554
10.51367 5.29469
8.71820 5.30142
10.20976 5.51494
10.49989 5.74331
2.32827 1.61394
9.85313 5.28801
10.61984 4.43032
2.20091 1.91049
1.69476 2.13058
11.92615 4.57574
10.70194 4.62860
1.66272 1.92476
1.18779 1.73678
10.36326 5.24678
10.66973 5.59689
1.73144 1.57197
9.84477 5.46539
10.52483 5.34319
1.44436 2.30986
2.10433 2.36202
9.70137 4.52871
10.31026 4.78767
9.37571 5.05479
1.73918 2.75787
9.89154 5.69950
9.51231 4.89965
1.84057 2.10510
10.91076 4.84795
9.18130 4.46989
9.79063 5.23086
10.52144 4.53235
9.68939 5.98628
2.09107 1.80734
10.18385 5.22762
2.22045 2.04535
11.68213 4.97789
9.72581 5.44513
10.40210 5.77341
9.75832 5.19717
9.72250 4.71262
1.93070 0.88011
9.30771 5.19640
11.14880 4.68232
9.91765 3.46816
9.49768 5.70820
9.95479 5.29700
10.26872 5.30268
9.71415 5.24445
9.78289 4.76088
2.05969 2.64343
9.27630 5.42540
10.26671 5.28858
1.32861 1.89465
10.92639 4.56023
10.22553 5.65051
2.03964 2.42313
9.30852 5.73689
1.80968 1.93321
9.52415 5.20215
10.66967 5.32756
9.57273 4.71029
2.65737 1.68750
2.24357 1.92900
8.78529 4.49810
9.20485 4.43458
2.23273 2.45590
10.63404 4.81630
1.50665 1.94178
10.56301 4.89926
9.68891 4.96382
10.95114 5.04609
1.93173 1.80741
2.09940 1.90537
9.30817 4.04883
10.64506 5.81711
10.38600 5.81283
2.74931 1.72935
10.40618 4.04150
2.50120 2.31934
10.16149 4.37013
1.68092 2.06631
10.34118 5.42001
9.92268 3.70857
1.40786 1.09419
9.50556 4.44476
2.58837 2.11698
9.10425 4.81802
1.92582 1.88096
1.64598 1.34684
1.63639 2.21179
9.43024 5.08880
10.42972 4.62114
11.46660 5.62208
1.64981 1.91894
10.35700 4.58388
9.48784 4.70886
10.88119 5.19645
9.47106 4.63907
2.62694 1.63328
9.93811 4.79053
9.07074 5.36083
1.99260 1.73384
8.77721 5.51681
10.16634 5.01516
10.25897 4.09331
9.79648 4.46225
9.29075 4.83673
1.49770 1.99961
9.61801 5.61795
10.13979 5.85569
10.47112 5.44854
9.79979 5.33463
10.04784 4.14462
10.84293 6.20143
9.07296 5.16187
9.91701 5.83515
9.98869 3.64725
10.53665 4.42687
9.94272 4.73748
1.83170 2.09203
10.50897 4.99888
10.45497 4.93398
9.70982 5.01868
1.64926 1.66613
9.98653 5.38897
1.84034 2.13333
9.86594 4.70064
9.42908 4.91163
1.89768 1.84300
10.50560 5.39913
10.26584 4.27021
9.07973 4.86396
10.72892 4.95894
9.63668 6.13484
9.76359 5.46975
1.63061 1.85244
10.65424 4.24216
2.14675 2.52809
11.14872 5.36676
2.52265 1.78458
10.22233 5.24262
10.44482 4.63114
10.90862 5.13695
9.85638 4.91739
11.10634 5.38873
9.14528 4.51673
9.02031 4.07525
1.80424 1.73793
10.82570 3.62180
1.90934 1.32595
9.62062 5.05388
9.96448 5.35522
10.83583 5.01319
9.59559 5.85492
10.80033 4.16415
10.48715 5.89714
9.39428 4.42273
10.51708 4.58215
9.60457 5.96054
9.10264 4.63107
9.57793 4.23540
9.17896 4.42262
10.86568 4.39932
9.83005 5.08874
10.61554 4.92802
2.05195 1.69620
9.77401 4.35230
2.17430 1.92667
10.05567 4.42434
1.93318 2.26895
10.64454 4.91980
9.88913 5.51297
10.12741 4.08840
11.47720 5.03916
10.75505 5.31614
2.46642 1.95198
1.77289 1.47665
2.55128 2.27431
8.90872 4.87193
1.56137 1.48324
9.59565 4.58994
9.41291 4.99341
1.61560 2.45386
10.73645 3.81659
10.37433 4.76247
2.03143 1.57305
9.14336 4.73206
10.38756 4.82596
10.10557 5.04136
10.15843 5.56643
10.70943 5.03474
1.61761 2.04977
10.03154 6.65872
2.35560 2.02134
2.39845 2.33364
8.77080 6.17008
10.62397 6.04114
9.41770 5.08033
11.05442 6.05488
9.89499 5.24434
2.48553 1.65152
1.42445 2.62066
1.82759 2.23141
10.14098 6.26919
2.40997 1.62908
2.17483 1.61067
1.42668 1.59735
8.91150 4.76822
2.14117 1.81096
9.14293 5.55437
2.02169 2.08915
10.32107 4.68031
9.20322 4.65769
8.82374 5.04476
9.66400 5.44906
9.14609 5.39112
10.63394 5.42794
9.52846 4.99295
9.95967 4.20975
1.73055 1.98933
8.90328 4.47001
9.70409 4.16739
8.75600 4.48129
8.45614 5.00057
10.02768 5.46512
1.96520 2.41663
1.44040 2.16622
2.55922 2.30691
10.39861 5.62112
9.02800 5.13422
9.94820 5.54037
2.37790 1.19940
10.38008 5.17889
2.05796 1.52385
1.28228 1.87671
9.59057 5.73576
2.09075 1.93510
2.09994 2.06315
2.46866 2.23083
10.13682 3.81937
2.51599 2.29548
10.30132 5.30209
10.96519 4.10301
9.70394 5.54590
9.96465 4.51533
1.73898 2.51472
9.67253 5.41706
10.67668 3.57496
9.92954 5.08787
2.88189 1.27338
1.82367 2.36249
10.67363 5.13518
10.13168 4.88751
2.37156 2.00767
10.10869 5.41805
8.91261 4.80503
8.91662 4.60310
9.09643 4.21638
9.82913 5.02013
9.85517 5.48500
9.11736 5.73664
2.00070 2.02312
9.64280 5.77701
9.36244 4.22373
2.38863 1.62012
9.30699 5.94401
8.92867 4.21115
1.36772 2.77481
9.88499 5.19863
2.14364 2.28040
2.84146 1.97496
10.96651 5.10807
10.25979 5.28169
10.71056 5.42107
2.46319 2.35799
1.79303 2.34054
2.42652 2.32920
2.75279 2.25740
9.95883 5.78171
9.97545 4.94097
9.91342 4.56221
10.29375 5.45313
1.73075 2.41760
9.19203 4.21994
9.36831 5.49615
10.12464 6.09781
2.83597 2.35928
9.42042 4.56675
2.43318 1.97809
1.60145 2.59882
2.00664 1.74695
10.48413 4.39307
10.12084 5.78626
9.55362 5.21726
0.93866 1.76322
9.94096 5.88632
9.71748 4.66834
9.43503 4.44874
10.80187 4.51405
10.45803 3.95409
1.82767 1.56097
10.18808 5.34874
9.45696 4.82373
2.22135 2.06206
9.44330 4.88048
10.36693 5.17689
2.06904 1.87072
1.86662 1.79534
2.00125 1.87983
1.98511 2.37234
9.26772 5.14738
1.95705 2.42808
2.14982 1.68059
1.04178 2.65821
2.39865 2.40423
9.33132 5.14999
1.78347 1.97992
9.76885 5.76496
1.94618 1.78378
8.52949 4.50844
10.04988 5.22529
10.04805 5.09763
1.96592 2.41013
9.46565 4.54347
10.21642 5.01924
9.89968 4.67076
2.32116 1.41319
2.58312 2.07334
9.39656 5.75058
1.08009 1.54193
10.32028 4.83541
9.39743 5.25283
9.92177 4.86663
2.41678 2.53057
10.57553 5.63550
2.08931 0.94405
1.83382 1.70290
2.48534 2.20186
10.45730 5.81042
9.10917 4.21345
10.61963 5.25975
9.60571 5.13793
1.59998 2.03497
10.48374 4.64960
1.01142 1.45567
9.36872 5.56575
2.32058 2.89572
11.07360 6.11985
9.79738 5.58414
9.96869 3.87029
10.45201 4.64876
2.07173 1.62525
1.89186 2.09384
10.32406 3.86799
9.99641 4.12379
2.06420 2.15941
10.21019 4.36465
2.14623 1.90116
9.65998 5.13945
10.52796 4.89783
2.02446 1.90740
8.86484 5.39357
10.21272 6.13203
9.82718 4.95440
9.95603 4.71719
10.07386 4.25228
1.63843 1.70409
9.83672 6.06712
10.31761 5.04592
10.19445 4.87688
8.68561 5.04689
9.60195 5.19002
10.27187 5.32821
10.17200 5.76887
2.04106 1.83508
9.39920 5.04424
9.44748 5.61388
10.26932 5.67232
1.24779 1.99776
9.73052 5.53476
10.41388 5.31299
9.50769 5.14980
2.17728 2.48442
9.73291 5.05796
9.61961 4.23331
9.76414 4.88138
9.46175 4.48535
9.97501 4.88696
2.05021 1.67366
2.31210 2.31596
9.86212 4.90967
2.47878 1.46445
11.26386 4.88847
10.41067 4.79310
1.84225 2.06677
9.40949 5.31111
10.75865 6.27874
2.07055 1.79560
11.03909 4.92691
10.66269 5.50178
8.19270 4.93445
10.43437 5.11011
9.45181 5.43424
1.95550 1.95361
2.38257 2.15830
9.60824 3.88780
2.01671 2.17652
10.29938 5.96959
9.95783 4.41907
11.01486 4.54250
10.94084 6.21708
10.90853 5.06674
2.15955 1.58174
1.85143 2.17611
9.09132 4.92998
1.95899 1.99997
1.95359 1.54672
9.78019 5.00405
2.34277 1.24234
9.79960 5.39688
1.66907 2.46545
2.00606 2.98850
9.84329 5.28684
9.43883 4.94292
2.37314 1.39066
10.36769 5.19024
10.48882 5.25353
10.26959 4.47698
10.66740 4.30591
10.70029 3.93832
9.55871 4.23466
9.78764 4.61208
1.92826 2.07217
2.48233 2.05301
11.20504 4.10805
10.24275 5.09472
1.41064 2.39292
9.40905 5.31988
9.26453 5.56957
9.99315 4.61384
10.49377 4.62122
9.90878 5.69185
9.83318 4.66758
9.19795 5.93529
10.45818 5.46790
2.39586 2.19638
10.13069 4.68688
9.68832 5.62615
2.12222 1.90241
2.04661 1.63632
9.70825 5.26957
1.40787 2.05171
2.40962 1.89804
9.74271 5.07505
11.50717 4.88469
2.46966 1.92652
11.21566 4.34611
10.61266 5.02041
9.49529 4.29308
1.45938 1.58232
9.39114 5.00177
10.04558 5.66883
1.25342 2.43359
2.01730 1.25886
10.38460 4.79401
9.84295 6.00107
9.83696 4.17323
2.53201 2.56398
10.75723 4.98914
9.21555 4.48431
9.60169 5.50535
10.19900 4.97794
2.34602 2.14360
9.55148 4.65223
10.24744 4.78475
2.48035 1.69157
10.63341 4.43437
9.63201 3.82022
10.83919 4.10733
9.64730 5.09122
2.28145 2.30006
9.44921 5.56401
10.31968 4.71380
1.76470 1.63959
8.69981 4.83349
9.96006 3.93973
10.77715 4.55442
2.36203 2.23670
2.22108 2.46098
2.27439 2.00060
9.68760 4.55496
9.45981 4.95812
10.03462 3.87287
9.49829 5.13068
2.44302 2.55068
10.99059 5.05765
9.15687 4.72949
10.36995 5.27781
2.47667 1.92429
10.18626 4.40628
10.41952 4.77107
1.45617 1.44868
9.37056 3.31316
10.35027 4.92879
10.22790 4.96701
9.84113 5.01802
10.94493 5.05261
1.91812 1.84747
11.01089 5.77511
9.76916 5.04225
9.92954 4.60178
2.39021 2.44834
10.00007 4.22979
10.37668 4.38814
1.85521 1.49060
10.74547 4.65149
1.50573 1.47618
1.19731 1.89043
10.30802 5.62877
9.13957 5.05585
1.82558 2.39989
10.79035 4.61355
9.98457 4.63000
1.61451 2.02224
11.68787 5.31636
2.92026 2.24767
9.06462 4.70642
9.26081 4.55447
10.94734 5.05478
9.23717 5.40543
9.93401 5.88579
9.72840 5.69264
1.68909 1.90975
10.61243 4.30349
10.21456 5.04059
10.42647 4.92651
10.47203 4.89285
2.21123 2.05792
1.67554 1.83935
10.52717 5.28691
9.64457 6.34696
9.10809 5.32233
10.18131 5.88629
9.82699 3.72022
10.15528 4.15471
10.63004 5.36063
10.23582 3.58567
9.91332 6.15410
2.35892 1.41708
9.79409 4.16549
10.15749 5.51396
10.88603 5.07939
10.04162 4.68797
9.76118 6.20675
10.69544 4.36360
8.81915 6.00354
2.02456 1.96680
9.51633 5.81942
11.18348 6.39232
10.03507 6.17031
10.07080 4.81527
10.45695 5.67026
10.57040 5.21096
10.62126 5.69145
1.72396 2.31394
1.72027 1.58156
1.90088 1.18370
10.55284 5.70760
9.63915 4.91731
2.06436 2.55817
10.11825 4.16109
2.36161 2.22565
9.86053 4.82449
1.62179 2.46445
10.83361 5.27506
1.84273 1.33917
9.50503 5.72020
10.16149 4.81124
9.53831 5.46643
2.16169 2.05520
10.36994 5.78053
10.44231 6.11759
9.77592 4.60006
10.06300 4.63324
11.33761 4.43291
10.40714 5.14464
9.83987 5.37052
11.30752 5.54611
2.19772 2.44936
9.94272 5.19265
8.81219 4.54429
2.00604 2.11051
10.18896 5.04899
10.26789 4.31206
9.53449 5.14921
11.50723 5.18918
9.98225 4.91469
10.94029 4.77103
9.68275 4.41311
2.87232 2.11709
9.94626 4.11233
9.85471 5.17286
9.48760 4.63309
10.55343 6.07345
9.26002 5.57028
11.26504 5.59662
10.27935 4.36899
1.95492 2.07282
1.95100 2.20093
9.75634 5.85973
2.00185 1.63880
2.33620 2.48780
10.18194 4.72159
10.09193 6.33538
1.59289 2.32119
9.80511 4.53700
9.17628 4.95813
1.83025 2.35711
10.52784 5.63182
1.50053 1.87675
1.85425 2.12304
9.07399 5.61345
9.74003 5.19415
10.49211 5.27427
9.21258 5.29581
8.82573 4.74222
10.36138 3.39402
2.70010 2.10560
1.64305 1.94297
10.25573 3.35390
1.47602 1.46322
11.00164 5.43296
10.13008 5.51948
2.13096 2.31897
10.19522 4.94256
9.58013 5.06416
9.69622 4.82191
1.09270 2.24756
1.87247 2.21953
11.01699 5.25239
2.09432 2.25922
2.49484 2.02664
10.37420 5.34570
10.71807 5.43281
2.51520 2.36749
1.70406 1.80474
10.00301 5.12944
8.74226 3.85796
2.90917 1.95041
1.78004 2.11846
11.31079 3.97784
9.85472 4.86727
10.54738 4.66593
9.78667 4.62067
2.59750 1.65080
9.84463 4.99991
10.15967 5.05849
9.84553 6.11304
10.23933 5.69676
2.42007 1.65374
10.99678 5.59580
9.98901 4.54816
2.38120 1.96262
10.17132 5.57314
10.18913 5.51615
2.28749 2.10715
10.13507 6.46755
10.11618 5.42986
10.35054 4.54913
9.30591 5.15554
9.85596 5.20515
2.08517 1.77348
9.44616 5.39546
2.04446 2.27995
10.12439 5.80020
10.29599 5.46298
10.60646 4.65046
9.64935 4.48776
11.51493 4.18059
1.94136 2.42290
9.14307 5.52595
2.13192 1.91631
2.15157 1.93807
2.33047 1.48381
1.67609 1.61779
9.93832 6.26404
2.19168 2.48254
2.50940 2.62812
10.09981 5.62516
1.35548 2.06518
10.06805 4.83373
2.04821 2.07963
9.53944 5.42346
9.96762 4.21431
9.86829 5.18800
9.84370 6.54817
9.61410 4.69122
9.84960 5.38659
10.13882 5.47359
9.29158 4.84538
10.23218 5.41596
2.08294 1.24223
1.72772 1.86868
1.66875 2.18005
9.89521 5.55538
9.59785 3.92469
10.31092 5.46227
1.82917 2.26888
10.73406 5.22284
1.66571 1.72342
2.29292 1.66325
1.87129 2.20675
1.81218 2.30772
10.19212 4.90417
2.25768 2.36273
9.86767 4.79255
9.14377 4.23905
10.61032 5.11864
3.03027 1.94683
9.92155 4.91719
1.58075 2.00660
9.85930 4.76064
2.08708 2.25224
2.31258 1.33248
10.47955 5.31406
9.82042 4.69279
2.67520 1.50673
9.59436 4.55815
2.26586 1.82045
9.10384 6.09619
9.82829 5.72653
2.07630 2.46561
10.13642 5.39971
8.99645 3.87785
9.49073 4.87678
1.74863 1.80579
10.19545 5.44522
9.61735 4.65362
10.07543 5.17166
2.01525 2.16089
11.39101 5.16180
10.26069 5.57125
2.07664 2.17999
1.38815 2.66384
9.99509 5.24989
10.16247 5.62214
3.39444 3.02405
2.31951 2.47776
8.96873 5.49667